(0,2.0268199233716473)
(1,2.0217391304347827)
(2,1.8481012658227849)
(3,2.3161290322580643)
(4,2.2908366533864544)
(5,2.190340909090909)
(6,1.6326963906581742)
(7,2.0756302521008405)
(8,1.5266272189349113)
(9,1.5640243902439024)
(10,1.626740947075209)
(11,1.5666666666666667)
(12,2.1676470588235293)
(13,1.6512345679012346)
(14,2.2714681440443214)
(15,1.6742424242424243)
(16,1.9093023255813955)
(17,1.6294117647058823)
(18,1.6265060240963856)
(19,1.686936936936937)
(20,1.9115281501340482)
(21,1.5528455284552845)
(22,1.450909090909091)
(23,2.018450184501845)
