LH,01	3859.94,2,1929.97
LH,02	6824.83,3,2274.94
LH,03	2052.22,2,1026.11
ST,03	179.81,1,179.81
TO,01	386.88,4,96.72
TO,02	1731.75,14,123.70
TO,03	330.78,5,66.16
TO,04	255.75,2,127.88
TO,05	674.04,5,134.81
TO,06	504.04,5,100.81
TO,07	373.69,4,93.42
TO,08	175.67,3,58.56
TO,09	49.19,1,49.19
TO,10	332.89,4,83.22
TO,11	172.91,4,43.23
TO,12	292.73,6,48.79
VD,03	45.58,1,45.58
VD,08	31.44,2,15.72
VD,09	175.16,12,14.60
VD,10	300.21,17,17.66
VD,11	331.80,19,17.46
VD,12	193.38,11,17.58
VT,01	6180.09,155,39.87
VT,02	6171.43,158,39.06
VT,03	5302.46,114,46.51
VT,04	9067.75,195,46.50
VT,05	9997.41,198,50.49
VT,06	10038.55,228,44.03
VT,07	7035.75,196,35.90
VT,08	3736.29,231,16.17
VT,09	3268.83,335,9.76
VT,10	4393.90,400,10.98
VT,11	4383.52,351,12.49
VT,12	6575.80,430,15.29
