LH,01	3859.94,2
LH,02	6824.83,3
LH,03	2052.22,2
ST,03	179.81,1
TO,01	386.88000000000005,4
TO,02	1731.7499999999998,14
TO,03	330.78000000000003,5
TO,04	255.75,2
TO,05	674.04,5
TO,06	504.04,5
TO,07	373.69,4
TO,08	175.67000000000002,3
TO,09	49.19,1
TO,10	332.89,4
TO,11	172.91,4
TO,12	292.73,6
VD,03	45.58,1
VD,08	31.439999999999998,2
VD,09	175.16,12
VD,10	300.21000000000004,17
VD,11	331.80000000000007,19
VD,12	193.38000000000002,11
VT,01	6180.090000000002,155
VT,02	6171.43,158
VT,03	5302.459999999998,114
VT,04	9067.75,195
VT,05	9997.410000000007,198
VT,06	10038.549999999997,228
VT,07	7035.749999999998,196
VT,08	3736.2900000000036,231
VT,09	3268.829999999998,335
VT,10	4393.899999999999,400
VT,11	4383.52,351
VT,12	6575.799999999999,430
